5555550555 5555555555

Terentius Andriae 55. 305 555 138,
22. 7075 168,13, 9305 162, 3
Eunuchi 55. 2145 159,1. 3485 49,
Hecyrae proi. 1: 195, 19
Phormioni: u. 429 555 138, 23.
575534, 28
Timosthenes 301, 12
‘minores tragoedi’ 36, 9
Tullius es. Cicero
M. Terentius Varro Reatinus 220,19
ef. adp. 221, 6. 301, 10. [289, 37].
[305, 241]
P. Terentius Varro Atacinus 104, 8.
175, 20
Velleius paterculus 5555115155281, 4
Vergilius [plerumque Virgilius] 4, 2.
171,10
Aeneidis! 65 236, 26. 375 82,
22. 445 21, 9. 835 180, 2, 895 178,
3; 905 177,29. 107 5 262, 5. 164555
137, 1. 2025 46, 15. 223543, 25.
2285 43, 26. 278 5 38, 4. 154, 25.
2915 16, 8. 293: 16, 9. 2915 43,
26. 32055015. 350525, 8. 3545
129, 22. 3925 266, 14. 4775 118,
2. 4825186, 5. 519597,11. 5205
119, 9. 5765 177, 7. 6615 Β ad p.
103,7. 67οι 129,21. 7245121120.
- 11 1:183, 54. 101: 13, 55. 555.
201, 23. 2575 54,10. 3245 141, 3.
173, 22. 334521924. 3455 46,12.
3615 55, 5. 361555 245, 23. 3785
24, 7. 385: 147, 10. 6375 149, 7.
6465 182, 29. 6485 21, 6. 6905 249,
. 16, 6975177,27. [699 555]5 321,
15. 7065 262, 8
111145 54, 20. 56: 95, 24. 855
217, 19. 1955 171, 27. 177, 30. 178,
2, 2375 105, 25. 4715 80, 20. 5175
44, 9. 5225 76,17. 5395 153,1.
549: 171, 1. 555, 55. 5555 58, 21.
564555181,14. 6765179,18. 6945
99, 20
Ι1111 135 166, 27. 205, 23. 33:
71, 5. 765 185, 25. 825 92, 6. 146:
99, 26. 167571, 23. 1725 44, 13.
2715 81, 14. 4405 81,19. 4515 141,
1. 515 555 207,14. 5325 262, 9.
5825117,12. 6445227,4
V 1513590, 9. 11:171, 27. 177,
30. 178, 2.· 235 178, 13. 1935 292,
14. 198: 115, 24. 230566, 21. 327
555 203, 2. 7245 186, 3. 7385 211,
5. 8305 170, 29. 8515170,8
11147555 161, 2. 495 161, 8.
605298, 4, 77: 156, 25. 87545,

555

16, 2515 112, 30. 2575 215, 29.
2725124, 135 28. 3245 202, 29.
3295 11, 10. 400: 215, 7. 412: 90,
23, 4135179,16. 4545 123, 20.
5325 33, 26. 577555 216, 24. 6025
136,31. 6045 302, 3. 6215150,13.
6465111,12. 7265 157, 24. 726 555
305, 12, 7305 290, 26. 736-7405
291, 7. 7425 47, 23. 7495 299, 8.
7865 72, 6. 8455 320, 20

VII 95 172,1. 255 178, 4. 445
16,18. 47 5 78, 7. 1425 331,18.
1765114,15. 205555143,17. 2615
158, 26. 3195 259, 14. 3275 307,
1. 507 555 118, 31. 572555 173,
22. 610: 16,10. 614: 128, 8. 616:
48, 9. [717]: 245, 31. 7495 124, 19

711114555128,9. 325 23, 21,
88555 172, 15 200555 143, 32.
295543,Ιο 4165 227, 27. 500563,
6. 60851592, 6125159,4. 6765
14, 25. 6955 64, 26

VIIII 131 555225, 7. 1655 145,
19. 1945 300, 6. 205569, 3. 312
555 174, 5. 406 555 158, 28. 443:
141, 11. 4475 149, 24. 6075 132,
24. 7205119,9 -

Χ 1455 76, 13. 280 555 235, 14.
282581, 8. 2845 147, 2. 340: 114,

2. 358: 179,23. 3915118, 3. 431 .

555 241, 24. 4325 148,12. 432 555
148, 23. 4525 258, 13. 4895 280,
2. 50257519. 6245 186, 2. 625:
95, 2. 676555 172, 11. 745: 160,
9. 756 55.- 152, 1. 7945 148, 15.
826: 153, 11. 8805125,12

ΧΙ 55555 139, 1. 248: 119, 9.
2625 331, 26. 2685 161, 25. 2815
158,30, 4045 201,23. 4085 96,23.
4185 279, 29. 443555 226, 5. 4775
50, 11, 5805 101, 20. 627 555 135,
11. 669: 245, 4. 688555 68, 5.
71451486. 8315304,11

XII 80: 235, 17. 1835 60, 3.
237581, 14. 2845 148, 11. 3095 160,
95 3655 44, 2224. 4315 231,18. 714:
144, 23. 791: 37, 18. 952: 304, 11

bucolicon 5511 45 81,14. 335 63,
12. 795297, 20

11105262, 7. 29:157,9

11160:306,4

V231160, 17

VI 31—34: 42, 13

VII141:113,8

X69:111, 15

Culex 4,3

5555515555 1 6: 211, 3. 29: 15,
14. 49521,11, 845 295, 13. 935

 

